0 |roiAndLabel 764.0 409.0 968.0 568.0 1.0 787.0 599.0 1002.0 776.0 2.0 586.0 397.0 735.0 766.0 3.0 298.0 401.0 463.0 559.0 4.0 94.0 626.0 591.0 762.0 5.0 707.0 887.0 904.0 1181.0 6.0 442.0 883.0 626.0 1152.0 7.0 132.0 960.0 357.0 1192.0 8.0 785.0 1263.0 1025.0 1657.0 9.0 522.0 1269.0 712.0 1644.0 10.0 134.0 1332.0 474.0 1597.0 11.0
1 |roiAndLabel 730.0 407.0 945.0 563.0 1.0 300.0 403.0 468.0 545.0 4.0 760.0 586.0 977.0 770.0 2.0 518.0 480.0 737.0 766.0 7.0 152.0 607.0 480.0 762.0 5.0 787.0 872.0 968.0 1173.0 6.0 411.0 1037.0 737.0 1221.0 3.0 238.0 945.0 420.0 1144.0 8.0 785.0 1269.0 1044.0 1645.0 9.0 513.0 1273.0 708.0 1647.0 10.0 154.0 1346.0 493.0 1592.0 11.0
2 |roiAndLabel 662.0 298.0 822.0 582.0 6.0 240.0 424.0 578.0 582.0 3.0 776.0 482.0 995.0 768.0 7.0 468.0 582.0 691.0 760.0 2.0 182.0 549.0 392.0 766.0 8.0 687.0 1021.0 899.0 1213.0 4.0 434.0 995.0 647.0 1177.0 1.0 73.0 993.0 405.0 1219.0 5.0 781.0 1267.0 1043.0 1651.0 9.0 516.0 1273.0 710.0 1651.0 10.0 138.0 1340.0 492.0 1607.0 11.0
3 |roiAndLabel 660.0 294.0 829.0 591.0 6.0 238.0 424.0 576.0 584.0 3.0 776.0 468.0 993.0 764.0 7.0 465.0 584.0 687.0 762.0 2.0 179.0 549.0 392.0 760.0 8.0 829.0 1020.0 1066.0 1212.0 4.0 639.0 964.0 803.0 1127.0 8.0 388.0 1000.0 636.0 1181.0 1.0 46.0 996.0 367.0 1213.0 5.0 780.0 1273.0 1041.0 1647.0 9.0 520.0 1273.0 712.0 1644.0 10.0 44.0 1340.0 505.0 1580.0 11.0
4 |roiAndLabel 649.0 340.0 814.0 612.0 7.0 634.0 505.0 722.0 778.0 12.0 413.0 618.0 586.0 776.0 8.0 102.0 628.0 349.0 776.0 1.0 634.0 1025.0 904.0 1194.0 11.0 386.0 956.0 580.0 1150.0 8.0 131.0 954.0 338.0 1175.0 10.0 662.0 1261.0 841.0 1567.0 13.0 442.0 1250.0 626.0 1557.0 13.0 156.0 1425.0 300.0 1569.0 11.0
5 |roiAndLabel 639.0 348.0 804.0 607.0 7.0 442.0 315.0 516.0 582.0 12.0 474.0 624.0 649.0 776.0 8.0 102.0 632.0 348.0 774.0 1.0 632.0 1025.0 902.0 1200.0 11.0 384.0 952.0 580.0 1148.0 8.0 127.0 954.0 338.0 1177.0 10.0 616.0 1269.0 797.0 1565.0 13.0 336.0 1283.0 538.0 1603.0 13.0 154.0 1423.0 305.0 1576.0 11.0
6 |roiAndLabel 643.0 349.0 804.0 607.0 7.0 442.0 315.0 515.0 584.0 12.0 492.0 620.0 680.0 783.0 8.0 81.0 636.0 328.0 778.0 1.0 630.0 1027.0 908.0 1198.0 11.0 330.0 960.0 520.0 1162.0 8.0 131.0 1064.0 276.0 1192.0 11.0 641.0 1271.0 818.0 1565.0 13.0 340.0 1269.0 538.0 1594.0 13.0 8.0 1300.0 252.0 1592.0 10.0
7 |roiAndLabel 492.0 332.0 651.0 607.0 7.0 614.0 685.0 872.0 793.0 14.0 399.0 678.0 526.0 776.0 11.0 113.0 520.0 204.0 774.0 12.0 609.0 1012.0 918.0 1162.0 11.0 409.0 1002.0 607.0 1204.0 8.0 232.0 958.0 399.0 1148.0 8.0 19.0 1010.0 227.0 1210.0 1.0 630.0 1267.0 818.0 1571.0 13.0 54.0 1277.0 532.0 1588.0 5.0
8 |roiAndLabel 492.0 334.0 657.0 609.0 7.0 278.0 411.0 426.0 574.0 4.0 618.0 685.0 877.0 785.0 14.0 397.0 672.0 526.0 778.0 11.0 228.0 478.0 311.0 774.0 12.0 611.0 1021.0 916.0 1164.0 11.0 411.0 996.0 609.0 1204.0 8.0 228.0 954.0 399.0 1150.0 8.0 12.0 1008.0 228.0 1213.0 1.0 411.0 1283.0 818.0 1463.0 13.0 8.0 1296.0 319.0 1615.0 5.0
9 |roiAndLabel 578.0 344.0 743.0 614.0 7.0 618.0 678.0 839.0 783.0 14.0 430.0 676.0 564.0 778.0 11.0 204.0 488.0 296.0 778.0 12.0 607.0 1016.0 918.0 1167.0 11.0 392.0 1004.0 561.0 1183.0 1.0 77.0 998.0 288.0 1208.0 13.0 670.0 1271.0 841.0 1446.0 8.0 559.0 1319.0 745.0 1592.0 4.0 340.0 1279.0 549.0 1476.0 8.0 15.0 1298.0 315.0 1620.0 5.0
10 |roiAndLabel 591.0 685.0 862.0 787.0 14.0 336.0 649.0 528.0 774.0 3.0 572.0 979.0 904.0 1196.0 13.0 263.0 973.0 601.0 1175.0 10.0 8.0 889.0 236.0 1210.0 7.0 541.0 1231.0 733.0 1542.0 6.0 8.0 1296.0 311.0 1628.0 5.0
11 |roiAndLabel 603.0 685.0 854.0 789.0 14.0 196.0 649.0 520.0 778.0 3.0 653.0 983.0 870.0 1188.0 13.0 282.0 970.0 532.0 1179.0 10.0 21.0 973.0 263.0 1196.0 2.0 778.0 1421.0 914.0 1565.0 11.0 459.0 1248.0 636.0 1524.0 6.0 73.0 1292.0 355.0 1617.0 5.0
12 |roiAndLabel 603.0 687.0 856.0 785.0 14.0 198.0 651.0 516.0 778.0 3.0 651.0 975.0 874.0 1194.0 13.0 288.0 972.0 538.0 1187.0 10.0 23.0 977.0 269.0 1200.0 2.0 641.0 1294.0 868.0 1626.0 9.0 382.0 1246.0 545.0 1482.0 6.0 69.0 1288.0 355.0 1620.0 5.0
13 |roiAndLabel 601.0 685.0 860.0 780.0 14.0 198.0 653.0 516.0 778.0 3.0 649.0 972.0 868.0 1194.0 13.0 298.0 973.0 532.0 1185.0 10.0 29.0 977.0 261.0 1196.0 2.0 637.0 1283.0 854.0 1603.0 9.0 359.0 1304.0 538.0 1613.0 15.0 65.0 1296.0 351.0 1626.0 5.0
14 |roiAndLabel 835.0 676.0 1050.0 774.0 14.0 184.0 591.0 737.0 781.0 10.0 833.0 891.0 1058.0 1231.0 6.0 595.0 1050.0 793.0 1244.0 3.0 246.0 987.0 486.0 1215.0 2.0 724.0 1302.0 962.0 1682.0 9.0 419.0 1323.0 612.0 1684.0 15.0 58.0 1294.0 422.0 1624.0 5.0
15 |roiAndLabel 735.0 367.0 856.0 582.0 16.0 733.0 668.0 1023.0 778.0 14.0 250.0 564.0 616.0 776.0 10.0 801.0 895.0 1020.0 1223.0 6.0 507.0 1050.0 799.0 1233.0 3.0 275.0 983.0 455.0 1165.0 8.0 65.0 983.0 286.0 1223.0 8.0 732.0 1315.0 972.0 1684.0 9.0 536.0 1321.0 733.0 1667.0 15.0 190.0 1302.0 515.0 1620.0 5.0
16 |roiAndLabel 733.0 367.0 858.0 580.0 16.0 737.0 672.0 1020.0 781.0 14.0 276.0 572.0 666.0 774.0 10.0 799.0 897.0 993.0 1198.0 6.0 522.0 1046.0 766.0 1229.0 3.0 282.0 985.0 468.0 1160.0 8.0 69.0 985.0 280.0 1229.0 8.0 733.0 1302.0 973.0 1667.0 9.0 528.0 1315.0 726.0 1655.0 15.0 184.0 1407.0 430.0 1644.0 4.0
17 |roiAndLabel 730.0 359.0 862.0 588.0 16.0 733.0 660.0 1021.0 778.0 14.0 269.0 574.0 670.0 776.0 10.0 799.0 891.0 993.0 1204.0 6.0 543.0 1046.0 776.0 1221.0 3.0 276.0 981.0 459.0 1158.0 8.0 63.0 985.0 288.0 1221.0 8.0 728.0 1304.0 973.0 1668.0 9.0 528.0 1325.0 730.0 1661.0 15.0 340.0 1350.0 513.0 1544.0 4.0 96.0 1415.0 294.0 1634.0 1.0
18 |roiAndLabel 768.0 659.0 981.0 780.0 14.0 453.0 202.0 659.0 783.0 10.0 221.0 557.0 382.0 780.0 16.0 833.0 1069.0 981.0 1200.0 11.0 470.0 1044.0 753.0 1215.0 3.0 276.0 987.0 457.0 1158.0 8.0 67.0 987.0 298.0 1227.0 8.0 730.0 1309.0 970.0 1670.0 9.0 532.0 1309.0 730.0 1651.0 15.0 340.0 1352.0 511.0 1549.0 4.0 4.0 1427.0 296.0 1636.0 1.0
19 |roiAndLabel 828.0 589.0 1025.0 781.0 14.0 647.0 572.0 799.0 774.0 16.0 321.0 238.0 534.0 778.0 10.0 839.0 1071.0 975.0 1196.0 11.0 580.0 1048.0 785.0 1225.0 3.0 286.0 989.0 453.0 1167.0 8.0 35.0 1008.0 300.0 1217.0 8.0 732.0 1309.0 970.0 1667.0 9.0 528.0 1321.0 726.0 1655.0 15.0 311.0 1348.0 515.0 1540.0 4.0 38.0 1411.0 303.0 1667.0 1.0
